timestamp,open,high,low,close,adjusted_close,volume,dividend_amount,split_coefficient
2022-11-18,9.55,9.6,9.1,9.19,9.19,8570737,0.0000,1.0
2022-11-17,9.13,9.5706,9.03,9.47,9.47,10392629,0.0000,1.0
2022-11-16,9.84,10.0212,9.27,9.32,9.32,13759631,0.0000,1.0
2022-11-15,9.91,10.4,9.721,10.15,10.15,16877166,0.0000,1.0
2022-11-14,10.0,10.28,9.54,9.56,9.56,17382940,0.0000,1.0
2022-11-11,8.85,10.54,8.575,10.47,10.47,31084373,0.0000,1.0
2022-11-10,9.21,9.41,8.735,9.27,9.27,26896914,0.0000,1.0
2022-11-09,9.575,9.635,8.29,8.4,8.4,37581003,0.0000,1.0
2022-11-08,11.7238,11.7238,9.6,9.74,9.74,42934999,0.0000,1.0
2022-11-07,12.4,12.54,11.87,12.03,12.03,12563825,0.0000,1.0
2022-11-04,12.47,12.59,11.82,12.28,12.28,10887043,0.0000,1.0
2022-11-03,11.85,12.76,11.5,12.33,12.33,22831723,0.0000,1.0
2022-11-02,11.88,12.015,11.32,11.4,11.4,14620355,0.0000,1.0
2022-11-01,12.02,12.16,11.625,11.92,11.92,8745142,0.0000,1.0
2022-10-31,11.45,12.36,11.355,11.68,11.68,12545251,0.0000,1.0
2022-10-28,11.1,11.57,11.02,11.5,11.5,9593253,0.0000,1.0
2022-10-27,11.12,11.49,11.02,11.16,11.16,6803058,0.0000,1.0
2022-10-26,10.8,11.5,10.75,11.08,11.08,8246803,0.0000,1.0
2022-10-25,10.22,10.91,10.22,10.83,10.83,7570118,0.0000,1.0
2022-10-24,10.15,10.24,9.7,10.21,10.21,5482049,0.0000,1.0
2022-10-21,9.77,10.15,9.54,10.14,10.14,8035214,0.0000,1.0
2022-10-20,10.08,10.48,9.82,9.83,9.83,7947942,0.0000,1.0
2022-10-19,10.3,10.4,9.905,10.11,10.11,5774051,0.0000,1.0
2022-10-18,10.63,10.79,10.31,10.44,10.44,6890375,0.0000,1.0
2022-10-17,10.33,10.58,10.11,10.21,10.21,7054061,0.0000,1.0
2022-10-14,10.8,11.02,9.885,9.89,9.89,5715752,0.0000,1.0
2022-10-13,10.175,10.94,9.95,10.63,10.63,8549732,0.0000,1.0
2022-10-12,10.44,10.675,10.13,10.66,10.66,5629992,0.0000,1.0
2022-10-11,10.44,10.64,9.845,10.44,10.44,6979403,0.0000,1.0
2022-10-10,10.818,10.84,10.395,10.52,10.52,4699864,0.0000,1.0
2022-10-07,10.91,11.17,10.65,10.8,10.8,6673666,0.0000,1.0
2022-10-06,10.76,11.18,10.7,11.17,11.17,7227794,0.0000,1.0
2022-10-05,10.65,10.97,10.515,10.76,10.76,5980688,0.0000,1.0
2022-10-04,10.4,10.96,10.39,10.82,10.82,10021897,0.0000,1.0
2022-10-03,10.02,10.19,9.71,10.1,10.1,8883110,0.0000,1.0
2022-09-30,9.74,10.4787,9.67,10.1,10.1,7938444,0.0000,1.0
2022-09-29,9.8,9.9,9.56,9.77,9.77,5566412,0.0000,1.0
2022-09-28,9.545,10.15,9.54,10.01,10.01,9015841,0.0000,1.0
2022-09-27,9.455,9.79,9.37,9.61,9.61,8530033,0.0000,1.0
2022-09-26,9.42,9.74,9.24,9.24,9.24,7810508,0.0000,1.0
2022-09-23,9.485,9.58,9.165,9.44,9.44,10079631,0.0000,1.0
2022-09-22,10.62,11.1,9.6,9.65,9.65,28638972,0.0000,1.0
2022-09-21,10.01,10.52,9.85,9.92,9.92,8110947,0.0000,1.0
2022-09-20,10.16,10.26,9.9,9.94,9.94,5799744,0.0000,1.0
2022-09-19,9.98,10.295,9.76,10.26,10.26,10074700,0.0000,1.0
2022-09-16,10.91,11.03,10.2,10.25,10.25,46281791,0.0000,1.0
2022-09-15,10.65,11.625,10.65,11.25,11.25,18488632,0.0000,1.0
2022-09-14,10.41,10.905,10.275,10.78,10.78,17007422,0.0000,1.0
2022-09-13,10.52,10.915,10.32,10.41,10.41,15029375,0.0000,1.0
2022-09-12,10.76,11.28,10.56,11.01,11.01,14394720,0.0000,1.0
2022-09-09,10.41,10.93,10.29,10.6,10.6,15669117,0.0000,1.0
2022-09-08,9.62,10.11,9.53,10.1,10.1,11116372,0.0000,1.0
2022-09-07,9.62,9.92,9.45,9.85,9.85,9342625,0.0000,1.0
2022-09-06,9.53,9.74,9.35,9.57,9.57,13213125,0.0000,1.0
2022-09-02,9.82,9.85,9.27,9.45,9.45,7305020,0.0000,1.0
2022-09-01,9.4,9.63,8.99,9.63,9.63,8310973,0.0000,1.0
2022-08-31,9.51,9.685,9.41,9.55,9.55,7247367,0.0000,1.0
2022-08-30,9.5,9.64,9.29,9.47,9.47,5410746,0.0000,1.0
2022-08-29,9.26,9.59,9.2176,9.38,9.38,5115830,0.0000,1.0
2022-08-26,9.87,9.97,9.21,9.38,9.38,7071945,0.0000,1.0
2022-08-25,9.43,9.83,9.34,9.81,9.81,6123473,0.0000,1.0
2022-08-24,9.2,9.49,9.1575,9.32,9.32,5350261,0.0000,1.0
2022-08-23,9.04,9.335,8.935,9.18,9.18,6071578,0.0000,1.0
2022-08-22,8.97,9.265,8.89,9.04,9.04,8228130,0.0000,1.0
2022-08-19,9.85,9.88,9.19,9.26,9.26,13783771,0.0000,1.0
2022-08-18,10.33,10.42,9.94,10.17,10.17,9525442,0.0000,1.0
2022-08-17,10.75,10.815,10.31,10.42,10.42,9287033,0.0000,1.0
2022-08-16,11.025,11.59,10.62,10.9,10.9,20413432,0.0000,1.0
2022-08-15,10.79,11.19,10.79,11.01,11.01,7086896,0.0000,1.0
2022-08-12,10.65,10.93,10.43,10.93,10.93,7333567,0.0000,1.0
2022-08-11,11.01,11.295,10.51,10.51,10.51,14229972,0.0000,1.0
2022-08-10,10.51,10.66,10.16,10.58,10.58,11168657,0.0000,1.0
2022-08-09,10.47,10.51,10.0,10.1,10.1,8266029,0.0000,1.0
2022-08-08,10.52,10.905,10.28,10.68,10.68,13033183,0.0000,1.0
2022-08-05,10.42,10.615,9.94,10.4,10.4,17288096,0.0000,1.0
2022-08-04,10.97,11.35,10.26,10.88,10.88,27870330,0.0000,1.0
2022-08-03,9.4,10.76,9.4,10.31,10.31,37485669,0.0000,1.0
2022-08-02,8.81,9.33,8.79,9.23,9.23,11339195,0.0000,1.0
2022-08-01,8.94,9.04,8.7119,9.04,9.04,9478573,0.0000,1.0
2022-07-29,9.01,9.15,8.91,9.05,9.05,7679156,0.0000,1.0
2022-07-28,8.89,9.175,8.575,9.11,9.11,7384838,0.0000,1.0
2022-07-27,8.63,8.93,8.49,8.9,8.9,6037011,0.0000,1.0
2022-07-26,8.71,8.73,8.37,8.43,8.43,7255431,0.0000,1.0
2022-07-25,9.03,9.03,8.74,8.89,8.89,5470127,0.0000,1.0
2022-07-22,9.45,9.5,8.94,9.08,9.08,8296321,0.0000,1.0
2022-07-21,9.34,9.5,9.2,9.41,9.41,7446578,0.0000,1.0
2022-07-20,9.03,9.44,8.96,9.41,9.41,10889274,0.0000,1.0
2022-07-19,8.73,9.07,8.7,9.03,9.03,10444009,0.0000,1.0
2022-07-18,8.63,8.84,8.555,8.62,8.62,9070927,0.0000,1.0
2022-07-15,8.3,8.42,8.1,8.41,8.41,10206055,0.0000,1.0
2022-07-14,8.29,8.35,8.05,8.24,8.24,8006959,0.0000,1.0
2022-07-13,8.2,8.47,8.08,8.36,8.36,8250618,0.0000,1.0
2022-07-12,8.36,8.52,8.1,8.4,8.4,11153516,0.0000,1.0
2022-07-11,8.86,8.94,8.29,8.34,8.34,10191393,0.0000,1.0
2022-07-08,8.85,9.25,8.76,9.0,9.0,9873567,0.0000,1.0
2022-07-07,8.62,9.02,8.485,9.02,9.02,12394425,0.0000,1.0
2022-07-06,8.44,8.8,8.26,8.63,8.63,14051328,0.0000,1.0
2022-07-05,8.02,8.44,7.78,8.4,8.4,12885339,0.0000,1.0
2022-07-01,8.22,8.395,8.02,8.18,8.18,10408952,0.0000,1.0
2022-06-30,8.43,8.51,8.06,8.22,8.22,13039411,0.0000,1.0
timestamp,open,high,low,close,adjusted_close,volume,dividend_amount,split_coefficient
2022-11-18,9.55,9.6,9.1,9.19,9.19,8570737,0.0000,1.0
2022-11-17,9.13,9.5706,9.03,9.47,9.47,10392629,0.0000,1.0
2022-11-16,9.84,10.0212,9.27,9.32,9.32,13759631,0.0000,1.0
2022-11-15,9.91,10.4,9.721,10.15,10.15,16877166,0.0000,1.0
2022-11-14,10.0,10.28,9.54,9.56,9.56,17382940,0.0000,1.0
2022-11-11,8.85,10.54,8.575,10.47,10.47,31084373,0.0000,1.0
2022-11-10,9.21,9.41,8.735,9.27,9.27,26896914,0.0000,1.0
2022-11-09,9.575,9.635,8.29,8.4,8.4,37581003,0.0000,1.0
2022-11-08,11.7238,11.7238,9.6,9.74,9.74,42934999,0.0000,1.0
2022-11-07,12.4,12.54,11.87,12.03,12.03,12563825,0.0000,1.0
2022-11-04,12.47,12.59,11.82,12.28,12.28,10887043,0.0000,1.0
2022-11-03,11.85,12.76,11.5,12.33,12.33,22831723,0.0000,1.0
2022-11-02,11.88,12.015,11.32,11.4,11.4,14620355,0.0000,1.0
2022-11-01,12.02,12.16,11.625,11.92,11.92,8745142,0.0000,1.0
2022-10-31,11.45,12.36,11.355,11.68,11.68,12545251,0.0000,1.0
2022-10-28,11.1,11.57,11.02,11.5,11.5,9593253,0.0000,1.0
2022-10-27,11.12,11.49,11.02,11.16,11.16,6803058,0.0000,1.0
2022-10-26,10.8,11.5,10.75,11.08,11.08,8246803,0.0000,1.0
2022-10-25,10.22,10.91,10.22,10.83,10.83,7570118,0.0000,1.0
2022-10-24,10.15,10.24,9.7,10.21,10.21,5482049,0.0000,1.0
2022-10-21,9.77,10.15,9.54,10.14,10.14,8035214,0.0000,1.0
2022-10-20,10.08,10.48,9.82,9.83,9.83,7947942,0.0000,1.0
2022-10-19,10.3,10.4,9.905,10.11,10.11,5774051,0.0000,1.0
2022-10-18,10.63,10.79,10.31,10.44,10.44,6890375,0.0000,1.0
2022-10-17,10.33,10.58,10.11,10.21,10.21,7054061,0.0000,1.0
2022-10-14,10.8,11.02,9.885,9.89,9.89,5715752,0.0000,1.0
2022-10-13,10.175,10.94,9.95,10.63,10.63,8549732,0.0000,1.0
2022-10-12,10.44,10.675,10.13,10.66,10.66,5629992,0.0000,1.0
2022-10-11,10.44,10.64,9.845,10.44,10.44,6979403,0.0000,1.0
2022-10-10,10.818,10.84,10.395,10.52,10.52,4699864,0.0000,1.0
2022-10-07,10.91,11.17,10.65,10.8,10.8,6673666,0.0000,1.0
2022-10-06,10.76,11.18,10.7,11.17,11.17,7227794,0.0000,1.0
2022-10-05,10.65,10.97,10.515,10.76,10.76,5980688,0.0000,1.0
2022-10-04,10.4,10.96,10.39,10.82,10.82,10021897,0.0000,1.0
2022-10-03,10.02,10.19,9.71,10.1,10.1,8883110,0.0000,1.0
2022-09-30,9.74,10.4787,9.67,10.1,10.1,7938444,0.0000,1.0
2022-09-29,9.8,9.9,9.56,9.77,9.77,5566412,0.0000,1.0
2022-09-28,9.545,10.15,9.54,10.01,10.01,9015841,0.0000,1.0
2022-09-27,9.455,9.79,9.37,9.61,9.61,8530033,0.0000,1.0
2022-09-26,9.42,9.74,9.24,9.24,9.24,7810508,0.0000,1.0
2022-09-23,9.485,9.58,9.165,9.44,9.44,10079631,0.0000,1.0
2022-09-22,10.62,11.1,9.6,9.65,9.65,28638972,0.0000,1.0
2022-09-21,10.01,10.52,9.85,9.92,9.92,8110947,0.0000,1.0
2022-09-20,10.16,10.26,9.9,9.94,9.94,5799744,0.0000,1.0
2022-09-19,9.98,10.295,9.76,10.26,10.26,10074700,0.0000,1.0
2022-09-16,10.91,11.03,10.2,10.25,10.25,46281791,0.0000,1.0
2022-09-15,10.65,11.625,10.65,11.25,11.25,18488632,0.0000,1.0
2022-09-14,10.41,10.905,10.275,10.78,10.78,17007422,0.0000,1.0
2022-09-13,10.52,10.915,10.32,10.41,10.41,15029375,0.0000,1.0
2022-09-12,10.76,11.28,10.56,11.01,11.01,14394720,0.0000,1.0
2022-09-09,10.41,10.93,10.29,10.6,10.6,15669117,0.0000,1.0
2022-09-08,9.62,10.11,9.53,10.1,10.1,11116372,0.0000,1.0
2022-09-07,9.62,9.92,9.45,9.85,9.85,9342625,0.0000,1.0
2022-09-06,9.53,9.74,9.35,9.57,9.57,13213125,0.0000,1.0
2022-09-02,9.82,9.85,9.27,9.45,9.45,7305020,0.0000,1.0
2022-09-01,9.4,9.63,8.99,9.63,9.63,8310973,0.0000,1.0
2022-08-31,9.51,9.685,9.41,9.55,9.55,7247367,0.0000,1.0
2022-08-30,9.5,9.64,9.29,9.47,9.47,5410746,0.0000,1.0
2022-08-29,9.26,9.59,9.2176,9.38,9.38,5115830,0.0000,1.0
2022-08-26,9.87,9.97,9.21,9.38,9.38,7071945,0.0000,1.0
2022-08-25,9.43,9.83,9.34,9.81,9.81,6123473,0.0000,1.0
2022-08-24,9.2,9.49,9.1575,9.32,9.32,5350261,0.0000,1.0
2022-08-23,9.04,9.335,8.935,9.18,9.18,6071578,0.0000,1.0
2022-08-22,8.97,9.265,8.89,9.04,9.04,8228130,0.0000,1.0
2022-08-19,9.85,9.88,9.19,9.26,9.26,13783771,0.0000,1.0
2022-08-18,10.33,10.42,9.94,10.17,10.17,9525442,0.0000,1.0
2022-08-17,10.75,10.815,10.31,10.42,10.42,9287033,0.0000,1.0
2022-08-16,11.025,11.59,10.62,10.9,10.9,20413432,0.0000,1.0
2022-08-15,10.79,11.19,10.79,11.01,11.01,7086896,0.0000,1.0
2022-08-12,10.65,10.93,10.43,10.93,10.93,7333567,0.0000,1.0
2022-08-11,11.01,11.295,10.51,10.51,10.51,14229972,0.0000,1.0
2022-08-10,10.51,10.66,10.16,10.58,10.58,11168657,0.0000,1.0
2022-08-09,10.47,10.51,10.0,10.1,10.1,8266029,0.0000,1.0
2022-08-08,10.52,10.905,10.28,10.68,10.68,13033183,0.0000,1.0
2022-08-05,10.42,10.615,9.94,10.4,10.4,17288096,0.0000,1.0
2022-08-04,10.97,11.35,10.26,10.88,10.88,27870330,0.0000,1.0
2022-08-03,9.4,10.76,9.4,10.31,10.31,37485669,0.0000,1.0
2022-08-02,8.81,9.33,8.79,9.23,9.23,11339195,0.0000,1.0
2022-08-01,8.94,9.04,8.7119,9.04,9.04,9478573,0.0000,1.0
2022-07-29,9.01,9.15,8.91,9.05,9.05,7679156,0.0000,1.0
2022-07-28,8.89,9.175,8.575,9.11,9.11,7384838,0.0000,1.0
2022-07-27,8.63,8.93,8.49,8.9,8.9,6037011,0.0000,1.0
2022-07-26,8.71,8.73,8.37,8.43,8.43,7255431,0.0000,1.0
2022-07-25,9.03,9.03,8.74,8.89,8.89,5470127,0.0000,1.0
2022-07-22,9.45,9.5,8.94,9.08,9.08,8296321,0.0000,1.0
2022-07-21,9.34,9.5,9.2,9.41,9.41,7446578,0.0000,1.0
2022-07-20,9.03,9.44,8.96,9.41,9.41,10889274,0.0000,1.0
2022-07-19,8.73,9.07,8.7,9.03,9.03,10444009,0.0000,1.0
2022-07-18,8.63,8.84,8.555,8.62,8.62,9070927,0.0000,1.0
2022-07-15,8.3,8.42,8.1,8.41,8.41,10206055,0.0000,1.0
2022-07-14,8.29,8.35,8.05,8.24,8.24,8006959,0.0000,1.0
2022-07-13,8.2,8.47,8.08,8.36,8.36,8250618,0.0000,1.0
2022-07-12,8.36,8.52,8.1,8.4,8.4,11153516,0.0000,1.0
2022-07-11,8.86,8.94,8.29,8.34,8.34,10191393,0.0000,1.0
2022-07-08,8.85,9.25,8.76,9.0,9.0,9873567,0.0000,1.0
2022-07-07,8.62,9.02,8.485,9.02,9.02,12394425,0.0000,1.0
2022-07-06,8.44,8.8,8.26,8.63,8.63,14051328,0.0000,1.0
2022-07-05,8.02,8.44,7.78,8.4,8.4,12885339,0.0000,1.0
2022-07-01,8.22,8.395,8.02,8.18,8.18,10408952,0.0000,1.0
2022-06-30,8.43,8.51,8.06,8.22,8.22,13039411,0.0000,1.0
timestamp,open,high,low,close,adjusted_close,volume,dividend_amount,split_coefficient
2022-11-18,9.55,9.6,9.1,9.19,9.19,8570737,0.0000,1.0
2022-11-17,9.13,9.5706,9.03,9.47,9.47,10392629,0.0000,1.0
2022-11-16,9.84,10.0212,9.27,9.32,9.32,13759631,0.0000,1.0
2022-11-15,9.91,10.4,9.721,10.15,10.15,16877166,0.0000,1.0
2022-11-14,10.0,10.28,9.54,9.56,9.56,17382940,0.0000,1.0
2022-11-11,8.85,10.54,8.575,10.47,10.47,31084373,0.0000,1.0
2022-11-10,9.21,9.41,8.735,9.27,9.27,26896914,0.0000,1.0
2022-11-09,9.575,9.635,8.29,8.4,8.4,37581003,0.0000,1.0
2022-11-08,11.7238,11.7238,9.6,9.74,9.74,42934999,0.0000,1.0
2022-11-07,12.4,12.54,11.87,12.03,12.03,12563825,0.0000,1.0
2022-11-04,12.47,12.59,11.82,12.28,12.28,10887043,0.0000,1.0
2022-11-03,11.85,12.76,11.5,12.33,12.33,22831723,0.0000,1.0
2022-11-02,11.88,12.015,11.32,11.4,11.4,14620355,0.0000,1.0
2022-11-01,12.02,12.16,11.625,11.92,11.92,8745142,0.0000,1.0
2022-10-31,11.45,12.36,11.355,11.68,11.68,12545251,0.0000,1.0
2022-10-28,11.1,11.57,11.02,11.5,11.5,9593253,0.0000,1.0
2022-10-27,11.12,11.49,11.02,11.16,11.16,6803058,0.0000,1.0
2022-10-26,10.8,11.5,10.75,11.08,11.08,8246803,0.0000,1.0
2022-10-25,10.22,10.91,10.22,10.83,10.83,7570118,0.0000,1.0
2022-10-24,10.15,10.24,9.7,10.21,10.21,5482049,0.0000,1.0
2022-10-21,9.77,10.15,9.54,10.14,10.14,8035214,0.0000,1.0
2022-10-20,10.08,10.48,9.82,9.83,9.83,7947942,0.0000,1.0
2022-10-19,10.3,10.4,9.905,10.11,10.11,5774051,0.0000,1.0
2022-10-18,10.63,10.79,10.31,10.44,10.44,6890375,0.0000,1.0
2022-10-17,10.33,10.58,10.11,10.21,10.21,7054061,0.0000,1.0
2022-10-14,10.8,11.02,9.885,9.89,9.89,5715752,0.0000,1.0
2022-10-13,10.175,10.94,9.95,10.63,10.63,8549732,0.0000,1.0
2022-10-12,10.44,10.675,10.13,10.66,10.66,5629992,0.0000,1.0
2022-10-11,10.44,10.64,9.845,10.44,10.44,6979403,0.0000,1.0
2022-10-10,10.818,10.84,10.395,10.52,10.52,4699864,0.0000,1.0
2022-10-07,10.91,11.17,10.65,10.8,10.8,6673666,0.0000,1.0
2022-10-06,10.76,11.18,10.7,11.17,11.17,7227794,0.0000,1.0
2022-10-05,10.65,10.97,10.515,10.76,10.76,5980688,0.0000,1.0
2022-10-04,10.4,10.96,10.39,10.82,10.82,10021897,0.0000,1.0
2022-10-03,10.02,10.19,9.71,10.1,10.1,8883110,0.0000,1.0
2022-09-30,9.74,10.4787,9.67,10.1,10.1,7938444,0.0000,1.0
2022-09-29,9.8,9.9,9.56,9.77,9.77,5566412,0.0000,1.0
2022-09-28,9.545,10.15,9.54,10.01,10.01,9015841,0.0000,1.0
2022-09-27,9.455,9.79,9.37,9.61,9.61,8530033,0.0000,1.0
2022-09-26,9.42,9.74,9.24,9.24,9.24,7810508,0.0000,1.0
2022-09-23,9.485,9.58,9.165,9.44,9.44,10079631,0.0000,1.0
2022-09-22,10.62,11.1,9.6,9.65,9.65,28638972,0.0000,1.0
2022-09-21,10.01,10.52,9.85,9.92,9.92,8110947,0.0000,1.0
2022-09-20,10.16,10.26,9.9,9.94,9.94,5799744,0.0000,1.0
2022-09-19,9.98,10.295,9.76,10.26,10.26,10074700,0.0000,1.0
2022-09-16,10.91,11.03,10.2,10.25,10.25,46281791,0.0000,1.0
2022-09-15,10.65,11.625,10.65,11.25,11.25,18488632,0.0000,1.0
2022-09-14,10.41,10.905,10.275,10.78,10.78,17007422,0.0000,1.0
2022-09-13,10.52,10.915,10.32,10.41,10.41,15029375,0.0000,1.0
2022-09-12,10.76,11.28,10.56,11.01,11.01,14394720,0.0000,1.0
2022-09-09,10.41,10.93,10.29,10.6,10.6,15669117,0.0000,1.0
2022-09-08,9.62,10.11,9.53,10.1,10.1,11116372,0.0000,1.0
2022-09-07,9.62,9.92,9.45,9.85,9.85,9342625,0.0000,1.0
2022-09-06,9.53,9.74,9.35,9.57,9.57,13213125,0.0000,1.0
2022-09-02,9.82,9.85,9.27,9.45,9.45,7305020,0.0000,1.0
2022-09-01,9.4,9.63,8.99,9.63,9.63,8310973,0.0000,1.0
2022-08-31,9.51,9.685,9.41,9.55,9.55,7247367,0.0000,1.0
2022-08-30,9.5,9.64,9.29,9.47,9.47,5410746,0.0000,1.0
2022-08-29,9.26,9.59,9.2176,9.38,9.38,5115830,0.0000,1.0
2022-08-26,9.87,9.97,9.21,9.38,9.38,7071945,0.0000,1.0
2022-08-25,9.43,9.83,9.34,9.81,9.81,6123473,0.0000,1.0
2022-08-24,9.2,9.49,9.1575,9.32,9.32,5350261,0.0000,1.0
2022-08-23,9.04,9.335,8.935,9.18,9.18,6071578,0.0000,1.0
2022-08-22,8.97,9.265,8.89,9.04,9.04,8228130,0.0000,1.0
2022-08-19,9.85,9.88,9.19,9.26,9.26,13783771,0.0000,1.0
2022-08-18,10.33,10.42,9.94,10.17,10.17,9525442,0.0000,1.0
2022-08-17,10.75,10.815,10.31,10.42,10.42,9287033,0.0000,1.0
2022-08-16,11.025,11.59,10.62,10.9,10.9,20413432,0.0000,1.0
2022-08-15,10.79,11.19,10.79,11.01,11.01,7086896,0.0000,1.0
2022-08-12,10.65,10.93,10.43,10.93,10.93,7333567,0.0000,1.0
2022-08-11,11.01,11.295,10.51,10.51,10.51,14229972,0.0000,1.0
2022-08-10,10.51,10.66,10.16,10.58,10.58,11168657,0.0000,1.0
2022-08-09,10.47,10.51,10.0,10.1,10.1,8266029,0.0000,1.0
2022-08-08,10.52,10.905,10.28,10.68,10.68,13033183,0.0000,1.0
2022-08-05,10.42,10.615,9.94,10.4,10.4,17288096,0.0000,1.0
2022-08-04,10.97,11.35,10.26,10.88,10.88,27870330,0.0000,1.0
2022-08-03,9.4,10.76,9.4,10.31,10.31,37485669,0.0000,1.0
2022-08-02,8.81,9.33,8.79,9.23,9.23,11339195,0.0000,1.0
2022-08-01,8.94,9.04,8.7119,9.04,9.04,9478573,0.0000,1.0
2022-07-29,9.01,9.15,8.91,9.05,9.05,7679156,0.0000,1.0
2022-07-28,8.89,9.175,8.575,9.11,9.11,7384838,0.0000,1.0
2022-07-27,8.63,8.93,8.49,8.9,8.9,6037011,0.0000,1.0
2022-07-26,8.71,8.73,8.37,8.43,8.43,7255431,0.0000,1.0
2022-07-25,9.03,9.03,8.74,8.89,8.89,5470127,0.0000,1.0
2022-07-22,9.45,9.5,8.94,9.08,9.08,8296321,0.0000,1.0
2022-07-21,9.34,9.5,9.2,9.41,9.41,7446578,0.0000,1.0
2022-07-20,9.03,9.44,8.96,9.41,9.41,10889274,0.0000,1.0
2022-07-19,8.73,9.07,8.7,9.03,9.03,10444009,0.0000,1.0
2022-07-18,8.63,8.84,8.555,8.62,8.62,9070927,0.0000,1.0
2022-07-15,8.3,8.42,8.1,8.41,8.41,10206055,0.0000,1.0
2022-07-14,8.29,8.35,8.05,8.24,8.24,8006959,0.0000,1.0
2022-07-13,8.2,8.47,8.08,8.36,8.36,8250618,0.0000,1.0
2022-07-12,8.36,8.52,8.1,8.4,8.4,11153516,0.0000,1.0
2022-07-11,8.86,8.94,8.29,8.34,8.34,10191393,0.0000,1.0
2022-07-08,8.85,9.25,8.76,9.0,9.0,9873567,0.0000,1.0
2022-07-07,8.62,9.02,8.485,9.02,9.02,12394425,0.0000,1.0
2022-07-06,8.44,8.8,8.26,8.63,8.63,14051328,0.0000,1.0
2022-07-05,8.02,8.44,7.78,8.4,8.4,12885339,0.0000,1.0
2022-07-01,8.22,8.395,8.02,8.18,8.18,10408952,0.0000,1.0
2022-06-30,8.43,8.51,8.06,8.22,8.22,13039411,0.0000,1.0
