timestamp,open,high,low,close,adjusted_close,volume,dividend_amount,split_coefficient
2022-11-18,243.51,243.74,239.03,241.22,241.22,27613523,0.0000,1.0
2022-11-17,237.78,243.25,237.63,241.68,241.68,23123544,0.0000,1.0
2022-11-16,242.79,243.8,240.42,241.73,241.73,24093272,0.6800,1.0
2022-11-15,245.66,247.0,240.03,241.97,241.291234273,31390117,0.0000,1.0
2022-11-14,241.985,243.91,239.21,241.55,240.872412442,31123340,0.0000,1.0
2022-11-11,242.99,247.99,241.93,247.11,246.416815725,34620246,0.0000,1.0
2022-11-10,235.43,243.33,235.0,242.98,242.298401056,46268021,0.0000,1.0
2022-11-09,227.37,228.6327,224.33,224.51,223.88021245,27852910,0.0000,1.0
2022-11-08,228.7,231.65,225.84,228.87,228.227981931,28192548,0.0000,1.0
2022-11-07,221.99,228.41,221.28,227.87,227.230787096,33497979,0.0000,1.0
2022-11-04,217.55,221.59,213.431,221.39,220.768964564,36789063,0.0000,1.0
2022-11-03,220.09,220.41,213.98,214.25,213.648993441,36633922,0.0000,1.0
2022-11-02,229.46,231.3,220.04,220.1,219.482583227,38407008,0.0000,1.0
2022-11-01,234.6,235.74,227.325,228.17,227.529945547,30592271,0.0000,1.0
2022-10-31,233.76,234.92,231.15,232.13,231.478837094,28357265,0.0000,1.0
2022-10-28,226.24,236.6,226.05,235.87,235.208345778,40647724,0.0000,1.0
2022-10-27,231.04,233.69,225.78,226.75,226.113928881,40424645,0.0000,1.0
2022-10-26,231.17,238.3,230.06,231.32,230.671109278,82684846,0.0000,1.0
2022-10-25,247.26,251.04,245.83,250.66,249.95685739,34775505,0.0000,1.0
2022-10-24,243.76,247.84,241.295,247.25,246.556423002,24911212,0.0000,1.0
2022-10-21,234.74,243.0,234.5,242.12,241.440813498,26299733,0.0000,1.0
2022-10-20,235.77,241.31,234.87,236.15,235.487560332,21811015,0.0000,1.0
2022-10-19,237.04,239.61,234.29,236.48,235.816634627,19985698,0.0000,1.0
2022-10-18,243.24,243.93,235.37,238.5,237.830968194,26329591,0.0000,1.0
2022-10-17,235.82,238.96,235.135,237.53,236.863689204,28142268,0.0000,1.0
2022-10-14,235.54,237.24,228.34,228.56,227.918851533,30198588,0.0000,1.0
2022-10-13,219.85,236.1,219.13,234.24,233.582918196,42551818,0.0000,1.0
2022-10-12,225.4,227.86,223.96,225.75,225.116734046,21903937,0.0000,1.0
2022-10-11,227.62,229.06,224.11,225.41,224.777687802,30473954,0.0000,1.0
2022-10-10,233.05,234.559,226.73,229.25,228.606915969,29743608,0.0000,1.0
2022-10-07,240.902,241.32,233.17,234.24,233.582918196,37769602,0.0000,1.0
2022-10-06,247.93,250.34,246.08,246.79,246.097713378,20239886,0.0000,1.0
2022-10-05,245.99,250.58,244.1,249.2,248.500952931,20347136,0.0000,1.0
2022-10-04,245.09,250.36,244.975,248.88,248.181850584,34888416,0.0000,1.0
2022-10-03,235.41,241.61,234.66,240.74,240.064684625,28880357,0.0000,1.0
2022-09-30,238.29,240.54,232.73,232.9,232.246677117,35694832,0.0000,1.0
2022-09-29,238.89,239.95,234.41,237.5,236.833773359,27484233,0.0000,1.0
2022-09-28,236.81,242.33,234.73,241.07,240.393758921,29029679,0.0000,1.0
2022-09-27,239.98,241.8,234.5,236.41,235.746830989,27018732,0.0000,1.0
2022-09-26,237.045,241.45,236.9,237.45,236.783913617,27694190,0.0000,1.0
2022-09-23,239.54,241.13,235.2,237.92,237.25259519,34176048,0.0000,1.0
2022-09-22,237.8704,243.86,237.57,240.98,240.304011386,30927092,0.0000,1.0
2022-09-21,244.27,247.66,238.9,238.95,238.27970587,28625557,0.0000,1.0
2022-09-20,242.065,243.51,239.64,242.45,241.769887793,26660299,0.0000,1.0
2022-09-19,242.465,245.14,240.85,244.52,243.834081102,26826931,0.0000,1.0
2022-09-16,244.26,245.3,242.0627,244.74,244.053463966,39791768,0.0000,1.0
2022-09-15,249.77,251.4,244.02,245.38,244.691668661,31530948,0.0000,1.0
2022-09-14,253.53,254.23,249.86,252.22,251.512481333,23912954,0.0000,1.0
2022-09-13,258.84,260.4,251.59,251.99,251.283126521,33353318,0.0000,1.0
2022-09-12,265.78,267.45,265.16,266.65,265.902002805,18747690,0.0000,1.0
2022-09-09,260.5,265.23,260.29,264.46,263.718146116,22093190,0.0000,1.0
2022-09-08,257.51,260.43,254.79,258.52,257.794808795,20319911,0.0000,1.0
2022-09-07,254.7,258.83,253.22,258.09,257.366015016,24126700,0.0000,1.0
2022-09-06,256.2,257.83,251.94,253.25,252.539592014,21283869,0.0000,1.0
2022-09-02,261.695,264.74,254.47,256.06,255.3417095,22855380,0.0000,1.0
2022-09-01,258.87,260.89,255.41,260.4,259.669535085,23263431,0.0000,1.0
2022-08-31,265.39,267.11,261.33,261.47,260.736533559,24791834,0.0000,1.0
2022-08-30,266.67,267.05,260.66,262.97,262.232325812,22767071,0.0000,1.0
2022-08-29,265.85,267.4,263.85,265.23,264.485986139,20121371,0.0000,1.0
2022-08-26,279.08,280.34,267.98,268.09,267.337963368,27549307,0.0000,1.0
2022-08-25,277.33,279.02,274.52,278.85,278.067779795,16583407,0.0000,1.0
2022-08-24,275.41,277.23,275.11,275.79,275.016363599,18137019,0.0000,1.0
2022-08-23,276.44,278.86,275.4,276.44,275.664540242,17527409,0.0000,1.0
2022-08-22,282.08,282.46,277.22,277.75,276.970865476,25061070,0.0000,1.0
2022-08-19,288.9,289.25,285.56,286.15,285.347302091,20570033,0.0000,1.0
2022-08-18,290.189,291.91,289.08,290.17,289.356025329,17186192,0.0000,1.0
2022-08-17,289.74,293.35,289.47,291.32,290.502799389,18253358,0.6200,1.0
2022-08-16,291.99,294.04,290.42,292.71,291.269008732,18102882,0.0000,1.0
2022-08-15,291.0,294.18,290.11,293.47,292.025267304,18085654,0.0000,1.0
2022-08-12,288.48,291.91,286.94,291.91,290.472947077,22619675,0.0000,1.0
2022-08-11,290.85,291.21,286.51,287.02,285.607020212,20065938,0.0000,1.0
2022-08-10,288.17,289.81,286.94,289.16,287.736485139,24687845,0.0000,1.0
2022-08-09,279.64,283.08,277.61,282.3,280.910256449,23405238,0.0000,1.0
2022-08-08,284.05,285.92,279.32,280.32,278.940003853,18757818,0.0000,1.0
2022-08-05,279.15,283.65,278.68,282.91,281.517253461,16774606,0.0000,1.0
2022-08-04,281.8,283.8,280.1677,283.65,282.253610491,18098668,0.0000,1.0
2022-08-03,276.76,283.5,276.61,282.47,281.07941955,23518874,0.0000,1.0
2022-08-02,276.0,277.89,272.38,274.82,273.467079976,22754184,0.0000,1.0
2022-08-01,277.82,281.28,275.84,278.01,276.641375825,21539580,0.0000,1.0
2022-07-29,277.7,282.0,276.63,280.74,279.357936222,32152752,0.0000,1.0
2022-07-28,269.75,277.84,267.87,276.41,275.049252515,33459327,0.0000,1.0
2022-07-27,261.16,270.05,258.85,268.74,267.417011399,45994049,0.0000,1.0
2022-07-26,259.86,259.88,249.57,251.9,250.659913565,39347957,0.0000,1.0
2022-07-25,260.995,261.5,256.81,258.83,257.55579765,21055998,0.0000,1.0
2022-07-22,265.24,265.33,259.07,260.36,259.078265565,21881290,0.0000,1.0
2022-07-21,259.79,264.89,257.03,264.84,263.536210832,22404675,0.0000,1.0
2022-07-20,259.9,264.87,258.91,262.27,260.978862766,22788282,0.0000,1.0
2022-07-19,257.575,259.72,253.68,259.53,258.252351598,25012562,0.0000,1.0
2022-07-18,259.75,260.84,253.3,254.25,252.998344676,20975034,0.0000,1.0
2022-07-15,255.72,260.3699,254.7727,256.72,255.456185035,29774050,0.0000,1.0
2022-07-14,250.57,255.1374,245.94,254.08,252.829181575,25102823,0.0000,1.0
2022-07-13,250.19,253.55,248.11,252.72,251.475876761,29497423,0.0000,1.0
2022-07-12,265.88,265.94,252.04,253.67,252.421199976,35868450,0.0000,1.0
2022-07-11,265.65,266.53,262.18,264.51,263.207835399,19519108,0.0000,1.0
2022-07-08,264.79,268.1,263.285,267.66,266.342328165,19658751,0.0000,1.0
2022-07-07,265.12,269.055,265.02,268.4,267.078685196,20859874,0.0000,1.0
2022-07-06,263.75,267.99,262.4,266.21,264.899466416,23824419,0.0000,1.0
2022-07-05,256.16,262.98,254.74,262.85,261.556007466,22971634,0.0000,1.0
2022-07-01,256.39,259.77,254.61,259.58,258.302105452,22837692,0.0000,1.0
2022-06-30,257.05,259.53,252.9,256.83,255.565643513,31730868,0.0000,1.0
timestamp,open,high,low,close,adjusted_close,volume,dividend_amount,split_coefficient
2022-11-18,243.51,243.74,239.03,241.22,241.22,27613523,0.0000,1.0
2022-11-17,237.78,243.25,237.63,241.68,241.68,23123544,0.0000,1.0
2022-11-16,242.79,243.8,240.42,241.73,241.73,24093272,0.6800,1.0
2022-11-15,245.66,247.0,240.03,241.97,241.291234273,31390117,0.0000,1.0
2022-11-14,241.985,243.91,239.21,241.55,240.872412442,31123340,0.0000,1.0
2022-11-11,242.99,247.99,241.93,247.11,246.416815725,34620246,0.0000,1.0
2022-11-10,235.43,243.33,235.0,242.98,242.298401056,46268021,0.0000,1.0
2022-11-09,227.37,228.6327,224.33,224.51,223.88021245,27852910,0.0000,1.0
2022-11-08,228.7,231.65,225.84,228.87,228.227981931,28192548,0.0000,1.0
2022-11-07,221.99,228.41,221.28,227.87,227.230787096,33497979,0.0000,1.0
2022-11-04,217.55,221.59,213.431,221.39,220.768964564,36789063,0.0000,1.0
2022-11-03,220.09,220.41,213.98,214.25,213.648993441,36633922,0.0000,1.0
2022-11-02,229.46,231.3,220.04,220.1,219.482583227,38407008,0.0000,1.0
2022-11-01,234.6,235.74,227.325,228.17,227.529945547,30592271,0.0000,1.0
2022-10-31,233.76,234.92,231.15,232.13,231.478837094,28357265,0.0000,1.0
2022-10-28,226.24,236.6,226.05,235.87,235.208345778,40647724,0.0000,1.0
2022-10-27,231.04,233.69,225.78,226.75,226.113928881,40424645,0.0000,1.0
2022-10-26,231.17,238.3,230.06,231.32,230.671109278,82684846,0.0000,1.0
2022-10-25,247.26,251.04,245.83,250.66,249.95685739,34775505,0.0000,1.0
2022-10-24,243.76,247.84,241.295,247.25,246.556423002,24911212,0.0000,1.0
2022-10-21,234.74,243.0,234.5,242.12,241.440813498,26299733,0.0000,1.0
2022-10-20,235.77,241.31,234.87,236.15,235.487560332,21811015,0.0000,1.0
2022-10-19,237.04,239.61,234.29,236.48,235.816634627,19985698,0.0000,1.0
2022-10-18,243.24,243.93,235.37,238.5,237.830968194,26329591,0.0000,1.0
2022-10-17,235.82,238.96,235.135,237.53,236.863689204,28142268,0.0000,1.0
2022-10-14,235.54,237.24,228.34,228.56,227.918851533,30198588,0.0000,1.0
2022-10-13,219.85,236.1,219.13,234.24,233.582918196,42551818,0.0000,1.0
2022-10-12,225.4,227.86,223.96,225.75,225.116734046,21903937,0.0000,1.0
2022-10-11,227.62,229.06,224.11,225.41,224.777687802,30473954,0.0000,1.0
2022-10-10,233.05,234.559,226.73,229.25,228.606915969,29743608,0.0000,1.0
2022-10-07,240.902,241.32,233.17,234.24,233.582918196,37769602,0.0000,1.0
2022-10-06,247.93,250.34,246.08,246.79,246.097713378,20239886,0.0000,1.0
2022-10-05,245.99,250.58,244.1,249.2,248.500952931,20347136,0.0000,1.0
2022-10-04,245.09,250.36,244.975,248.88,248.181850584,34888416,0.0000,1.0
2022-10-03,235.41,241.61,234.66,240.74,240.064684625,28880357,0.0000,1.0
2022-09-30,238.29,240.54,232.73,232.9,232.246677117,35694832,0.0000,1.0
2022-09-29,238.89,239.95,234.41,237.5,236.833773359,27484233,0.0000,1.0
2022-09-28,236.81,242.33,234.73,241.07,240.393758921,29029679,0.0000,1.0
2022-09-27,239.98,241.8,234.5,236.41,235.746830989,27018732,0.0000,1.0
2022-09-26,237.045,241.45,236.9,237.45,236.783913617,27694190,0.0000,1.0
2022-09-23,239.54,241.13,235.2,237.92,237.25259519,34176048,0.0000,1.0
2022-09-22,237.8704,243.86,237.57,240.98,240.304011386,30927092,0.0000,1.0
2022-09-21,244.27,247.66,238.9,238.95,238.27970587,28625557,0.0000,1.0
2022-09-20,242.065,243.51,239.64,242.45,241.769887793,26660299,0.0000,1.0
2022-09-19,242.465,245.14,240.85,244.52,243.834081102,26826931,0.0000,1.0
2022-09-16,244.26,245.3,242.0627,244.74,244.053463966,39791768,0.0000,1.0
2022-09-15,249.77,251.4,244.02,245.38,244.691668661,31530948,0.0000,1.0
2022-09-14,253.53,254.23,249.86,252.22,251.512481333,23912954,0.0000,1.0
2022-09-13,258.84,260.4,251.59,251.99,251.283126521,33353318,0.0000,1.0
2022-09-12,265.78,267.45,265.16,266.65,265.902002805,18747690,0.0000,1.0
2022-09-09,260.5,265.23,260.29,264.46,263.718146116,22093190,0.0000,1.0
2022-09-08,257.51,260.43,254.79,258.52,257.794808795,20319911,0.0000,1.0
2022-09-07,254.7,258.83,253.22,258.09,257.366015016,24126700,0.0000,1.0
2022-09-06,256.2,257.83,251.94,253.25,252.539592014,21283869,0.0000,1.0
2022-09-02,261.695,264.74,254.47,256.06,255.3417095,22855380,0.0000,1.0
2022-09-01,258.87,260.89,255.41,260.4,259.669535085,23263431,0.0000,1.0
2022-08-31,265.39,267.11,261.33,261.47,260.736533559,24791834,0.0000,1.0
2022-08-30,266.67,267.05,260.66,262.97,262.232325812,22767071,0.0000,1.0
2022-08-29,265.85,267.4,263.85,265.23,264.485986139,20121371,0.0000,1.0
2022-08-26,279.08,280.34,267.98,268.09,267.337963368,27549307,0.0000,1.0
2022-08-25,277.33,279.02,274.52,278.85,278.067779795,16583407,0.0000,1.0
2022-08-24,275.41,277.23,275.11,275.79,275.016363599,18137019,0.0000,1.0
2022-08-23,276.44,278.86,275.4,276.44,275.664540242,17527409,0.0000,1.0
2022-08-22,282.08,282.46,277.22,277.75,276.970865476,25061070,0.0000,1.0
2022-08-19,288.9,289.25,285.56,286.15,285.347302091,20570033,0.0000,1.0
2022-08-18,290.189,291.91,289.08,290.17,289.356025329,17186192,0.0000,1.0
2022-08-17,289.74,293.35,289.47,291.32,290.502799389,18253358,0.6200,1.0
2022-08-16,291.99,294.04,290.42,292.71,291.269008732,18102882,0.0000,1.0
2022-08-15,291.0,294.18,290.11,293.47,292.025267304,18085654,0.0000,1.0
2022-08-12,288.48,291.91,286.94,291.91,290.472947077,22619675,0.0000,1.0
2022-08-11,290.85,291.21,286.51,287.02,285.607020212,20065938,0.0000,1.0
2022-08-10,288.17,289.81,286.94,289.16,287.736485139,24687845,0.0000,1.0
2022-08-09,279.64,283.08,277.61,282.3,280.910256449,23405238,0.0000,1.0
2022-08-08,284.05,285.92,279.32,280.32,278.940003853,18757818,0.0000,1.0
2022-08-05,279.15,283.65,278.68,282.91,281.517253461,16774606,0.0000,1.0
2022-08-04,281.8,283.8,280.1677,283.65,282.253610491,18098668,0.0000,1.0
2022-08-03,276.76,283.5,276.61,282.47,281.07941955,23518874,0.0000,1.0
2022-08-02,276.0,277.89,272.38,274.82,273.467079976,22754184,0.0000,1.0
2022-08-01,277.82,281.28,275.84,278.01,276.641375825,21539580,0.0000,1.0
2022-07-29,277.7,282.0,276.63,280.74,279.357936222,32152752,0.0000,1.0
2022-07-28,269.75,277.84,267.87,276.41,275.049252515,33459327,0.0000,1.0
2022-07-27,261.16,270.05,258.85,268.74,267.417011399,45994049,0.0000,1.0
2022-07-26,259.86,259.88,249.57,251.9,250.659913565,39347957,0.0000,1.0
2022-07-25,260.995,261.5,256.81,258.83,257.55579765,21055998,0.0000,1.0
2022-07-22,265.24,265.33,259.07,260.36,259.078265565,21881290,0.0000,1.0
2022-07-21,259.79,264.89,257.03,264.84,263.536210832,22404675,0.0000,1.0
2022-07-20,259.9,264.87,258.91,262.27,260.978862766,22788282,0.0000,1.0
2022-07-19,257.575,259.72,253.68,259.53,258.252351598,25012562,0.0000,1.0
2022-07-18,259.75,260.84,253.3,254.25,252.998344676,20975034,0.0000,1.0
2022-07-15,255.72,260.3699,254.7727,256.72,255.456185035,29774050,0.0000,1.0
2022-07-14,250.57,255.1374,245.94,254.08,252.829181575,25102823,0.0000,1.0
2022-07-13,250.19,253.55,248.11,252.72,251.475876761,29497423,0.0000,1.0
2022-07-12,265.88,265.94,252.04,253.67,252.421199976,35868450,0.0000,1.0
2022-07-11,265.65,266.53,262.18,264.51,263.207835399,19519108,0.0000,1.0
2022-07-08,264.79,268.1,263.285,267.66,266.342328165,19658751,0.0000,1.0
2022-07-07,265.12,269.055,265.02,268.4,267.078685196,20859874,0.0000,1.0
2022-07-06,263.75,267.99,262.4,266.21,264.899466416,23824419,0.0000,1.0
2022-07-05,256.16,262.98,254.74,262.85,261.556007466,22971634,0.0000,1.0
2022-07-01,256.39,259.77,254.61,259.58,258.302105452,22837692,0.0000,1.0
2022-06-30,257.05,259.53,252.9,256.83,255.565643513,31730868,0.0000,1.0
