timestamp,open,high,low,close,adjusted_close,volume,dividend_amount,split_coefficient
2022-11-18,185.05,185.19,176.55,180.19,180.19,76048866,0.0000,1.0
2022-11-17,183.96,186.16,180.9,183.17,183.17,64335970,0.0000,1.0
2022-11-16,191.51,192.57,185.66,186.92,186.92,66567599,0.0000,1.0
2022-11-15,195.88,200.8237,192.06,194.42,194.42,91293785,0.0000,1.0
2022-11-14,192.77,195.73,186.34,190.95,190.95,92226649,0.0000,1.0
2022-11-11,186.0,196.52,182.59,195.97,195.97,114403575,0.0000,1.0
2022-11-10,189.9,191.0,180.03,190.72,190.72,132703015,0.0000,1.0
2022-11-09,190.775,195.89,177.12,177.59,177.59,127062659,0.0000,1.0
2022-11-08,194.02,195.2,186.75,191.3,191.3,128803404,0.0000,1.0
2022-11-07,208.65,208.9,196.66,197.08,197.08,93916520,0.0000,1.0
2022-11-04,222.6,223.8,203.08,207.47,207.47,98622212,0.0000,1.0
2022-11-03,211.36,221.2,210.14,215.31,215.31,56538848,0.0000,1.0
2022-11-02,226.04,227.8699,214.82,214.98,214.98,63070293,0.0000,1.0
2022-11-01,234.05,237.3951,227.28,227.82,227.82,62688822,0.0000,1.0
2022-10-31,226.19,229.85,221.94,227.54,227.54,61554341,0.0000,1.0
2022-10-28,225.4,228.86,216.35,228.52,228.52,69152386,0.0000,1.0
2022-10-27,229.77,233.81,222.85,225.09,225.09,61638824,0.0000,1.0
2022-10-26,219.4,230.6,218.2,224.64,224.64,85327078,0.0000,1.0
2022-10-25,210.1,224.3498,210.0,222.415,222.415,96507870,0.0000,1.0
2022-10-24,205.82,213.5,198.5863,211.25,211.25,100446765,0.0000,1.0
2022-10-21,206.415,214.66,203.8,214.44,214.44,75713754,0.0000,1.0
2022-10-20,208.28,215.55,202.0,207.28,207.28,117798062,0.0000,1.0
2022-10-19,219.8,222.93,217.78,222.04,222.04,66571479,0.0000,1.0
2022-10-18,229.5,229.82,217.25,220.19,220.19,75891905,0.0000,1.0
2022-10-17,210.04,221.86,209.45,219.35,219.35,79428810,0.0000,1.0
2022-10-14,224.01,226.26,204.16,204.99,204.99,94124511,0.0000,1.0
2022-10-13,208.3,222.99,206.22,221.72,221.72,91483045,0.0000,1.0
2022-10-12,215.33,219.2999,211.51,217.24,217.24,66860699,0.0000,1.0
2022-10-11,220.945,225.75,215.0,216.5,216.5,77013202,0.0000,1.0
2022-10-10,223.93,226.99,218.3582,222.96,222.96,67925018,0.0000,1.0
2022-10-07,233.935,234.5715,222.02,223.07,223.07,83916800,0.0000,1.0
2022-10-06,239.44,244.58,235.35,238.13,238.13,69298437,0.0000,1.0
2022-10-05,245.01,246.6697,233.27,240.81,240.81,86982673,0.0000,1.0
2022-10-04,250.52,257.5,242.01,249.44,249.44,109578535,0.0000,1.0
2022-10-03,254.5,255.16,241.01,242.4,242.4,98363541,0.0000,1.0
2022-09-30,266.145,275.57,262.47,265.25,265.25,67726598,0.0000,1.0
2022-09-29,282.76,283.65,265.78,268.21,268.21,77620642,0.0000,1.0
2022-09-28,283.08,289.0,277.57,287.81,287.81,54664809,0.0000,1.0
2022-09-27,283.84,288.67,277.51,282.94,282.94,61925185,0.0000,1.0
2022-09-26,271.83,284.09,270.31,276.01,276.01,58076913,0.0000,1.0
2022-09-23,283.09,284.5,272.82,275.33,275.33,63748362,0.0000,1.0
2022-09-22,299.86,301.29,285.82,288.59,288.59,70107683,0.0000,1.0
2022-09-21,308.29,313.8,300.63,300.8,300.8,62555656,0.0000,1.0
2022-09-20,306.91,313.33,305.58,308.73,308.73,61642783,0.0000,1.0
2022-09-19,300.09,309.84,297.8,309.07,309.07,60231156,0.0000,1.0
2022-09-16,299.605,303.71,295.6005,303.35,303.35,87087786,0.0000,1.0
2022-09-15,301.825,309.12,300.7247,303.75,303.75,64795523,0.0000,1.0
2022-09-14,292.24,306.0,291.64,302.61,302.61,72628653,0.0000,1.0
2022-09-13,292.9,297.3999,290.4,292.13,292.13,68229619,0.0000,1.0
2022-09-12,300.72,305.49,300.4,304.42,304.42,48674604,0.0000,1.0
2022-09-09,291.67,299.85,291.245,299.68,299.68,54470854,0.0000,1.0
2022-09-08,281.3,289.5,279.76,289.26,289.26,53713124,0.0000,1.0
2022-09-07,273.1,283.84,272.27,283.7,283.7,50028916,0.0000,1.0
2022-09-06,272.675,275.99,265.74,274.42,274.42,55605247,0.0000,1.0
2022-09-02,281.065,282.35,269.08,270.21,270.21,50890090,0.0000,1.0
2022-09-01,272.575,277.58,266.15,277.16,277.16,54287024,0.0000,1.0
2022-08-31,280.62,281.25,271.81,275.61,275.61,52107337,0.0000,1.0
2022-08-30,287.865,288.48,272.65,277.7,277.7,50541759,0.0000,1.0
2022-08-29,282.83,287.74,280.7,284.82,284.82,41548729,0.0000,1.0
2022-08-26,297.43,302.0,287.47,288.09,288.09,57163947,0.0000,1.0
2022-08-25,302.36,302.96,291.6,296.07,296.07,52827378,0.0000,3.0
2022-08-24,892.69,910.94,889.5,891.29,297.096666667,19086572,0.0000,1.0
2022-08-23,874.36,896.4799,863.77,889.36,296.453333333,21328348,0.0000,1.0
2022-08-22,875.74,877.2,858.89,869.74,289.913333333,18614449,0.0000,1.0
2022-08-19,897.0,901.08,877.5,890.0,296.666666667,20465129,0.0000,1.0
2022-08-18,918.0,919.5,905.56,908.61,302.87,15833512,0.0000,1.0
2022-08-17,910.19,928.97,900.1,911.99,303.996666667,22921990,0.0000,1.0
2022-08-16,935.0,944.0,908.65,919.69,306.563333333,29378774,0.0000,1.0
2022-08-15,905.36,939.4,903.69,927.96,309.32,29786389,0.0000,1.0
2022-08-12,868.245,900.48,855.1,900.09,300.03,26552429,0.0000,1.0
2022-08-11,889.54,894.71,857.5,859.89,286.63,23385015,0.0000,1.0
2022-08-10,891.2,892.53,850.11,883.07,294.356666667,31639624,0.0000,1.0
2022-08-09,870.88,877.19,838.06,850.0,283.333333333,28748227,0.0000,1.0
2022-08-08,885.0,915.6,867.2562,871.27,290.423333333,33121758,0.0000,1.0
2022-08-05,908.01,913.8199,856.634,864.51,288.17,37724299,0.0000,1.0
2022-08-04,933.0,940.82,915.0,925.9,308.633333333,24085439,0.0000,1.0
2022-08-03,915.0,928.65,903.45,922.19,307.396666667,26697035,0.0000,1.0
2022-08-02,882.01,923.5,878.0,901.76,300.586666667,31859156,0.0000,1.0
2022-08-01,903.825,935.6347,885.0,891.83,297.276666667,39014296,0.0000,1.0
2022-07-29,842.1,894.96,837.3,891.45,297.15,31770961,0.0000,1.0
2022-07-28,840.2,849.9,818.4,842.7,280.9,28240997,0.0000,1.0
2022-07-27,791.43,827.7768,785.3701,824.46,274.82,29369996,0.0000,1.0
2022-07-26,799.54,801.9299,768.79,776.58,258.86,22273586,0.0000,1.0
2022-07-25,816.65,822.44,802.2,805.3,268.433333333,21357835,0.0000,1.0
2022-07-22,828.66,842.36,812.14,816.73,272.243333333,34490949,0.0000,1.0
2022-07-21,765.32,819.8,764.6,815.12,271.706666667,47344059,0.0000,1.0
2022-07-20,740.35,751.99,730.449,742.5,247.5,29621363,0.0000,1.0
2022-07-19,735.0,741.42,710.93,736.59,245.53,26963370,0.0000,1.0
2022-07-18,734.81,751.55,718.81,721.64,240.546666667,27512476,0.0000,1.0
2022-07-15,720.0,730.8699,710.67,720.2,240.066666667,23227673,0.0000,1.0
2022-07-14,704.69,715.96,688.0,714.94,238.313333333,26185833,0.0000,1.0
2022-07-13,676.5,726.1799,675.1,711.12,237.04,32651499,0.0000,1.0
2022-07-12,710.54,719.32,685.105,699.21,233.07,29310320,0.0000,1.0
2022-07-11,756.31,759.19,700.88,703.03,234.343333333,33169740,0.0000,1.0
2022-07-08,727.0,764.9399,723.4843,752.29,250.763333333,33951362,0.0000,1.0
2022-07-07,701.76,736.085,696.63,733.63,244.543333333,27310230,0.0000,1.0
2022-07-06,692.34,703.69,681.56,695.2,231.733333333,23951210,0.0000,1.0
2022-07-05,669.0,699.44,648.5001,699.2,233.066666667,28259704,0.0000,1.0
2022-07-01,681.0,690.69,666.3601,681.79,227.263333333,24820148,0.0000,1.0
2022-06-30,673.53,688.37,656.59,673.42,224.473333333,31533484,0.0000,1.0
timestamp,open,high,low,close,adjusted_close,volume,dividend_amount,split_coefficient
2022-11-18,185.05,185.19,176.55,180.19,180.19,76048866,0.0000,1.0
2022-11-17,183.96,186.16,180.9,183.17,183.17,64335970,0.0000,1.0
2022-11-16,191.51,192.57,185.66,186.92,186.92,66567599,0.0000,1.0
2022-11-15,195.88,200.8237,192.06,194.42,194.42,91293785,0.0000,1.0
2022-11-14,192.77,195.73,186.34,190.95,190.95,92226649,0.0000,1.0
2022-11-11,186.0,196.52,182.59,195.97,195.97,114403575,0.0000,1.0
2022-11-10,189.9,191.0,180.03,190.72,190.72,132703015,0.0000,1.0
2022-11-09,190.775,195.89,177.12,177.59,177.59,127062659,0.0000,1.0
2022-11-08,194.02,195.2,186.75,191.3,191.3,128803404,0.0000,1.0
2022-11-07,208.65,208.9,196.66,197.08,197.08,93916520,0.0000,1.0
2022-11-04,222.6,223.8,203.08,207.47,207.47,98622212,0.0000,1.0
2022-11-03,211.36,221.2,210.14,215.31,215.31,56538848,0.0000,1.0
2022-11-02,226.04,227.8699,214.82,214.98,214.98,63070293,0.0000,1.0
2022-11-01,234.05,237.3951,227.28,227.82,227.82,62688822,0.0000,1.0
2022-10-31,226.19,229.85,221.94,227.54,227.54,61554341,0.0000,1.0
2022-10-28,225.4,228.86,216.35,228.52,228.52,69152386,0.0000,1.0
2022-10-27,229.77,233.81,222.85,225.09,225.09,61638824,0.0000,1.0
2022-10-26,219.4,230.6,218.2,224.64,224.64,85327078,0.0000,1.0
2022-10-25,210.1,224.3498,210.0,222.415,222.415,96507870,0.0000,1.0
2022-10-24,205.82,213.5,198.5863,211.25,211.25,100446765,0.0000,1.0
2022-10-21,206.415,214.66,203.8,214.44,214.44,75713754,0.0000,1.0
2022-10-20,208.28,215.55,202.0,207.28,207.28,117798062,0.0000,1.0
2022-10-19,219.8,222.93,217.78,222.04,222.04,66571479,0.0000,1.0
2022-10-18,229.5,229.82,217.25,220.19,220.19,75891905,0.0000,1.0
2022-10-17,210.04,221.86,209.45,219.35,219.35,79428810,0.0000,1.0
2022-10-14,224.01,226.26,204.16,204.99,204.99,94124511,0.0000,1.0
2022-10-13,208.3,222.99,206.22,221.72,221.72,91483045,0.0000,1.0
2022-10-12,215.33,219.2999,211.51,217.24,217.24,66860699,0.0000,1.0
2022-10-11,220.945,225.75,215.0,216.5,216.5,77013202,0.0000,1.0
2022-10-10,223.93,226.99,218.3582,222.96,222.96,67925018,0.0000,1.0
2022-10-07,233.935,234.5715,222.02,223.07,223.07,83916800,0.0000,1.0
2022-10-06,239.44,244.58,235.35,238.13,238.13,69298437,0.0000,1.0
2022-10-05,245.01,246.6697,233.27,240.81,240.81,86982673,0.0000,1.0
2022-10-04,250.52,257.5,242.01,249.44,249.44,109578535,0.0000,1.0
2022-10-03,254.5,255.16,241.01,242.4,242.4,98363541,0.0000,1.0
2022-09-30,266.145,275.57,262.47,265.25,265.25,67726598,0.0000,1.0
2022-09-29,282.76,283.65,265.78,268.21,268.21,77620642,0.0000,1.0
2022-09-28,283.08,289.0,277.57,287.81,287.81,54664809,0.0000,1.0
2022-09-27,283.84,288.67,277.51,282.94,282.94,61925185,0.0000,1.0
2022-09-26,271.83,284.09,270.31,276.01,276.01,58076913,0.0000,1.0
2022-09-23,283.09,284.5,272.82,275.33,275.33,63748362,0.0000,1.0
2022-09-22,299.86,301.29,285.82,288.59,288.59,70107683,0.0000,1.0
2022-09-21,308.29,313.8,300.63,300.8,300.8,62555656,0.0000,1.0
2022-09-20,306.91,313.33,305.58,308.73,308.73,61642783,0.0000,1.0
2022-09-19,300.09,309.84,297.8,309.07,309.07,60231156,0.0000,1.0
2022-09-16,299.605,303.71,295.6005,303.35,303.35,87087786,0.0000,1.0
2022-09-15,301.825,309.12,300.7247,303.75,303.75,64795523,0.0000,1.0
2022-09-14,292.24,306.0,291.64,302.61,302.61,72628653,0.0000,1.0
2022-09-13,292.9,297.3999,290.4,292.13,292.13,68229619,0.0000,1.0
2022-09-12,300.72,305.49,300.4,304.42,304.42,48674604,0.0000,1.0
2022-09-09,291.67,299.85,291.245,299.68,299.68,54470854,0.0000,1.0
2022-09-08,281.3,289.5,279.76,289.26,289.26,53713124,0.0000,1.0
2022-09-07,273.1,283.84,272.27,283.7,283.7,50028916,0.0000,1.0
2022-09-06,272.675,275.99,265.74,274.42,274.42,55605247,0.0000,1.0
2022-09-02,281.065,282.35,269.08,270.21,270.21,50890090,0.0000,1.0
2022-09-01,272.575,277.58,266.15,277.16,277.16,54287024,0.0000,1.0
2022-08-31,280.62,281.25,271.81,275.61,275.61,52107337,0.0000,1.0
2022-08-30,287.865,288.48,272.65,277.7,277.7,50541759,0.0000,1.0
2022-08-29,282.83,287.74,280.7,284.82,284.82,41548729,0.0000,1.0
2022-08-26,297.43,302.0,287.47,288.09,288.09,57163947,0.0000,1.0
2022-08-25,302.36,302.96,291.6,296.07,296.07,52827378,0.0000,3.0
2022-08-24,892.69,910.94,889.5,891.29,297.096666667,19086572,0.0000,1.0
2022-08-23,874.36,896.4799,863.77,889.36,296.453333333,21328348,0.0000,1.0
2022-08-22,875.74,877.2,858.89,869.74,289.913333333,18614449,0.0000,1.0
2022-08-19,897.0,901.08,877.5,890.0,296.666666667,20465129,0.0000,1.0
2022-08-18,918.0,919.5,905.56,908.61,302.87,15833512,0.0000,1.0
2022-08-17,910.19,928.97,900.1,911.99,303.996666667,22921990,0.0000,1.0
2022-08-16,935.0,944.0,908.65,919.69,306.563333333,29378774,0.0000,1.0
2022-08-15,905.36,939.4,903.69,927.96,309.32,29786389,0.0000,1.0
2022-08-12,868.245,900.48,855.1,900.09,300.03,26552429,0.0000,1.0
2022-08-11,889.54,894.71,857.5,859.89,286.63,23385015,0.0000,1.0
2022-08-10,891.2,892.53,850.11,883.07,294.356666667,31639624,0.0000,1.0
2022-08-09,870.88,877.19,838.06,850.0,283.333333333,28748227,0.0000,1.0
2022-08-08,885.0,915.6,867.2562,871.27,290.423333333,33121758,0.0000,1.0
2022-08-05,908.01,913.8199,856.634,864.51,288.17,37724299,0.0000,1.0
2022-08-04,933.0,940.82,915.0,925.9,308.633333333,24085439,0.0000,1.0
2022-08-03,915.0,928.65,903.45,922.19,307.396666667,26697035,0.0000,1.0
2022-08-02,882.01,923.5,878.0,901.76,300.586666667,31859156,0.0000,1.0
2022-08-01,903.825,935.6347,885.0,891.83,297.276666667,39014296,0.0000,1.0
2022-07-29,842.1,894.96,837.3,891.45,297.15,31770961,0.0000,1.0
2022-07-28,840.2,849.9,818.4,842.7,280.9,28240997,0.0000,1.0
2022-07-27,791.43,827.7768,785.3701,824.46,274.82,29369996,0.0000,1.0
2022-07-26,799.54,801.9299,768.79,776.58,258.86,22273586,0.0000,1.0
2022-07-25,816.65,822.44,802.2,805.3,268.433333333,21357835,0.0000,1.0
2022-07-22,828.66,842.36,812.14,816.73,272.243333333,34490949,0.0000,1.0
2022-07-21,765.32,819.8,764.6,815.12,271.706666667,47344059,0.0000,1.0
2022-07-20,740.35,751.99,730.449,742.5,247.5,29621363,0.0000,1.0
2022-07-19,735.0,741.42,710.93,736.59,245.53,26963370,0.0000,1.0
2022-07-18,734.81,751.55,718.81,721.64,240.546666667,27512476,0.0000,1.0
2022-07-15,720.0,730.8699,710.67,720.2,240.066666667,23227673,0.0000,1.0
2022-07-14,704.69,715.96,688.0,714.94,238.313333333,26185833,0.0000,1.0
2022-07-13,676.5,726.1799,675.1,711.12,237.04,32651499,0.0000,1.0
2022-07-12,710.54,719.32,685.105,699.21,233.07,29310320,0.0000,1.0
2022-07-11,756.31,759.19,700.88,703.03,234.343333333,33169740,0.0000,1.0
2022-07-08,727.0,764.9399,723.4843,752.29,250.763333333,33951362,0.0000,1.0
2022-07-07,701.76,736.085,696.63,733.63,244.543333333,27310230,0.0000,1.0
2022-07-06,692.34,703.69,681.56,695.2,231.733333333,23951210,0.0000,1.0
2022-07-05,669.0,699.44,648.5001,699.2,233.066666667,28259704,0.0000,1.0
2022-07-01,681.0,690.69,666.3601,681.79,227.263333333,24820148,0.0000,1.0
2022-06-30,673.53,688.37,656.59,673.42,224.473333333,31533484,0.0000,1.0
timestamp,open,high,low,close,adjusted_close,volume,dividend_amount,split_coefficient
2022-11-18,185.05,185.19,176.55,180.19,180.19,76048866,0.0000,1.0
2022-11-17,183.96,186.16,180.9,183.17,183.17,64335970,0.0000,1.0
2022-11-16,191.51,192.57,185.66,186.92,186.92,66567599,0.0000,1.0
2022-11-15,195.88,200.8237,192.06,194.42,194.42,91293785,0.0000,1.0
2022-11-14,192.77,195.73,186.34,190.95,190.95,92226649,0.0000,1.0
2022-11-11,186.0,196.52,182.59,195.97,195.97,114403575,0.0000,1.0
2022-11-10,189.9,191.0,180.03,190.72,190.72,132703015,0.0000,1.0
2022-11-09,190.775,195.89,177.12,177.59,177.59,127062659,0.0000,1.0
2022-11-08,194.02,195.2,186.75,191.3,191.3,128803404,0.0000,1.0
2022-11-07,208.65,208.9,196.66,197.08,197.08,93916520,0.0000,1.0
2022-11-04,222.6,223.8,203.08,207.47,207.47,98622212,0.0000,1.0
2022-11-03,211.36,221.2,210.14,215.31,215.31,56538848,0.0000,1.0
2022-11-02,226.04,227.8699,214.82,214.98,214.98,63070293,0.0000,1.0
2022-11-01,234.05,237.3951,227.28,227.82,227.82,62688822,0.0000,1.0
2022-10-31,226.19,229.85,221.94,227.54,227.54,61554341,0.0000,1.0
2022-10-28,225.4,228.86,216.35,228.52,228.52,69152386,0.0000,1.0
2022-10-27,229.77,233.81,222.85,225.09,225.09,61638824,0.0000,1.0
2022-10-26,219.4,230.6,218.2,224.64,224.64,85327078,0.0000,1.0
2022-10-25,210.1,224.3498,210.0,222.415,222.415,96507870,0.0000,1.0
2022-10-24,205.82,213.5,198.5863,211.25,211.25,100446765,0.0000,1.0
2022-10-21,206.415,214.66,203.8,214.44,214.44,75713754,0.0000,1.0
2022-10-20,208.28,215.55,202.0,207.28,207.28,117798062,0.0000,1.0
2022-10-19,219.8,222.93,217.78,222.04,222.04,66571479,0.0000,1.0
2022-10-18,229.5,229.82,217.25,220.19,220.19,75891905,0.0000,1.0
2022-10-17,210.04,221.86,209.45,219.35,219.35,79428810,0.0000,1.0
2022-10-14,224.01,226.26,204.16,204.99,204.99,94124511,0.0000,1.0
2022-10-13,208.3,222.99,206.22,221.72,221.72,91483045,0.0000,1.0
2022-10-12,215.33,219.2999,211.51,217.24,217.24,66860699,0.0000,1.0
2022-10-11,220.945,225.75,215.0,216.5,216.5,77013202,0.0000,1.0
2022-10-10,223.93,226.99,218.3582,222.96,222.96,67925018,0.0000,1.0
2022-10-07,233.935,234.5715,222.02,223.07,223.07,83916800,0.0000,1.0
2022-10-06,239.44,244.58,235.35,238.13,238.13,69298437,0.0000,1.0
2022-10-05,245.01,246.6697,233.27,240.81,240.81,86982673,0.0000,1.0
2022-10-04,250.52,257.5,242.01,249.44,249.44,109578535,0.0000,1.0
2022-10-03,254.5,255.16,241.01,242.4,242.4,98363541,0.0000,1.0
2022-09-30,266.145,275.57,262.47,265.25,265.25,67726598,0.0000,1.0
2022-09-29,282.76,283.65,265.78,268.21,268.21,77620642,0.0000,1.0
2022-09-28,283.08,289.0,277.57,287.81,287.81,54664809,0.0000,1.0
2022-09-27,283.84,288.67,277.51,282.94,282.94,61925185,0.0000,1.0
2022-09-26,271.83,284.09,270.31,276.01,276.01,58076913,0.0000,1.0
2022-09-23,283.09,284.5,272.82,275.33,275.33,63748362,0.0000,1.0
2022-09-22,299.86,301.29,285.82,288.59,288.59,70107683,0.0000,1.0
2022-09-21,308.29,313.8,300.63,300.8,300.8,62555656,0.0000,1.0
2022-09-20,306.91,313.33,305.58,308.73,308.73,61642783,0.0000,1.0
2022-09-19,300.09,309.84,297.8,309.07,309.07,60231156,0.0000,1.0
2022-09-16,299.605,303.71,295.6005,303.35,303.35,87087786,0.0000,1.0
2022-09-15,301.825,309.12,300.7247,303.75,303.75,64795523,0.0000,1.0
2022-09-14,292.24,306.0,291.64,302.61,302.61,72628653,0.0000,1.0
2022-09-13,292.9,297.3999,290.4,292.13,292.13,68229619,0.0000,1.0
2022-09-12,300.72,305.49,300.4,304.42,304.42,48674604,0.0000,1.0
2022-09-09,291.67,299.85,291.245,299.68,299.68,54470854,0.0000,1.0
2022-09-08,281.3,289.5,279.76,289.26,289.26,53713124,0.0000,1.0
2022-09-07,273.1,283.84,272.27,283.7,283.7,50028916,0.0000,1.0
2022-09-06,272.675,275.99,265.74,274.42,274.42,55605247,0.0000,1.0
2022-09-02,281.065,282.35,269.08,270.21,270.21,50890090,0.0000,1.0
2022-09-01,272.575,277.58,266.15,277.16,277.16,54287024,0.0000,1.0
2022-08-31,280.62,281.25,271.81,275.61,275.61,52107337,0.0000,1.0
2022-08-30,287.865,288.48,272.65,277.7,277.7,50541759,0.0000,1.0
2022-08-29,282.83,287.74,280.7,284.82,284.82,41548729,0.0000,1.0
2022-08-26,297.43,302.0,287.47,288.09,288.09,57163947,0.0000,1.0
2022-08-25,302.36,302.96,291.6,296.07,296.07,52827378,0.0000,3.0
2022-08-24,892.69,910.94,889.5,891.29,297.096666667,19086572,0.0000,1.0
2022-08-23,874.36,896.4799,863.77,889.36,296.453333333,21328348,0.0000,1.0
2022-08-22,875.74,877.2,858.89,869.74,289.913333333,18614449,0.0000,1.0
2022-08-19,897.0,901.08,877.5,890.0,296.666666667,20465129,0.0000,1.0
2022-08-18,918.0,919.5,905.56,908.61,302.87,15833512,0.0000,1.0
2022-08-17,910.19,928.97,900.1,911.99,303.996666667,22921990,0.0000,1.0
2022-08-16,935.0,944.0,908.65,919.69,306.563333333,29378774,0.0000,1.0
2022-08-15,905.36,939.4,903.69,927.96,309.32,29786389,0.0000,1.0
2022-08-12,868.245,900.48,855.1,900.09,300.03,26552429,0.0000,1.0
2022-08-11,889.54,894.71,857.5,859.89,286.63,23385015,0.0000,1.0
2022-08-10,891.2,892.53,850.11,883.07,294.356666667,31639624,0.0000,1.0
2022-08-09,870.88,877.19,838.06,850.0,283.333333333,28748227,0.0000,1.0
2022-08-08,885.0,915.6,867.2562,871.27,290.423333333,33121758,0.0000,1.0
2022-08-05,908.01,913.8199,856.634,864.51,288.17,37724299,0.0000,1.0
2022-08-04,933.0,940.82,915.0,925.9,308.633333333,24085439,0.0000,1.0
2022-08-03,915.0,928.65,903.45,922.19,307.396666667,26697035,0.0000,1.0
2022-08-02,882.01,923.5,878.0,901.76,300.586666667,31859156,0.0000,1.0
2022-08-01,903.825,935.6347,885.0,891.83,297.276666667,39014296,0.0000,1.0
2022-07-29,842.1,894.96,837.3,891.45,297.15,31770961,0.0000,1.0
2022-07-28,840.2,849.9,818.4,842.7,280.9,28240997,0.0000,1.0
2022-07-27,791.43,827.7768,785.3701,824.46,274.82,29369996,0.0000,1.0
2022-07-26,799.54,801.9299,768.79,776.58,258.86,22273586,0.0000,1.0
2022-07-25,816.65,822.44,802.2,805.3,268.433333333,21357835,0.0000,1.0
2022-07-22,828.66,842.36,812.14,816.73,272.243333333,34490949,0.0000,1.0
2022-07-21,765.32,819.8,764.6,815.12,271.706666667,47344059,0.0000,1.0
2022-07-20,740.35,751.99,730.449,742.5,247.5,29621363,0.0000,1.0
2022-07-19,735.0,741.42,710.93,736.59,245.53,26963370,0.0000,1.0
2022-07-18,734.81,751.55,718.81,721.64,240.546666667,27512476,0.0000,1.0
2022-07-15,720.0,730.8699,710.67,720.2,240.066666667,23227673,0.0000,1.0
2022-07-14,704.69,715.96,688.0,714.94,238.313333333,26185833,0.0000,1.0
2022-07-13,676.5,726.1799,675.1,711.12,237.04,32651499,0.0000,1.0
2022-07-12,710.54,719.32,685.105,699.21,233.07,29310320,0.0000,1.0
2022-07-11,756.31,759.19,700.88,703.03,234.343333333,33169740,0.0000,1.0
2022-07-08,727.0,764.9399,723.4843,752.29,250.763333333,33951362,0.0000,1.0
2022-07-07,701.76,736.085,696.63,733.63,244.543333333,27310230,0.0000,1.0
2022-07-06,692.34,703.69,681.56,695.2,231.733333333,23951210,0.0000,1.0
2022-07-05,669.0,699.44,648.5001,699.2,233.066666667,28259704,0.0000,1.0
2022-07-01,681.0,690.69,666.3601,681.79,227.263333333,24820148,0.0000,1.0
2022-06-30,673.53,688.37,656.59,673.42,224.473333333,31533484,0.0000,1.0
timestamp,open,high,low,close,adjusted_close,volume,dividend_amount,split_coefficient
2022-11-18,185.05,185.19,176.55,180.19,180.19,76048866,0.0000,1.0
2022-11-17,183.96,186.16,180.9,183.17,183.17,64335970,0.0000,1.0
2022-11-16,191.51,192.57,185.66,186.92,186.92,66567599,0.0000,1.0
2022-11-15,195.88,200.8237,192.06,194.42,194.42,91293785,0.0000,1.0
2022-11-14,192.77,195.73,186.34,190.95,190.95,92226649,0.0000,1.0
2022-11-11,186.0,196.52,182.59,195.97,195.97,114403575,0.0000,1.0
2022-11-10,189.9,191.0,180.03,190.72,190.72,132703015,0.0000,1.0
2022-11-09,190.775,195.89,177.12,177.59,177.59,127062659,0.0000,1.0
2022-11-08,194.02,195.2,186.75,191.3,191.3,128803404,0.0000,1.0
2022-11-07,208.65,208.9,196.66,197.08,197.08,93916520,0.0000,1.0
2022-11-04,222.6,223.8,203.08,207.47,207.47,98622212,0.0000,1.0
2022-11-03,211.36,221.2,210.14,215.31,215.31,56538848,0.0000,1.0
2022-11-02,226.04,227.8699,214.82,214.98,214.98,63070293,0.0000,1.0
2022-11-01,234.05,237.3951,227.28,227.82,227.82,62688822,0.0000,1.0
2022-10-31,226.19,229.85,221.94,227.54,227.54,61554341,0.0000,1.0
2022-10-28,225.4,228.86,216.35,228.52,228.52,69152386,0.0000,1.0
2022-10-27,229.77,233.81,222.85,225.09,225.09,61638824,0.0000,1.0
2022-10-26,219.4,230.6,218.2,224.64,224.64,85327078,0.0000,1.0
2022-10-25,210.1,224.3498,210.0,222.415,222.415,96507870,0.0000,1.0
2022-10-24,205.82,213.5,198.5863,211.25,211.25,100446765,0.0000,1.0
2022-10-21,206.415,214.66,203.8,214.44,214.44,75713754,0.0000,1.0
2022-10-20,208.28,215.55,202.0,207.28,207.28,117798062,0.0000,1.0
2022-10-19,219.8,222.93,217.78,222.04,222.04,66571479,0.0000,1.0
2022-10-18,229.5,229.82,217.25,220.19,220.19,75891905,0.0000,1.0
2022-10-17,210.04,221.86,209.45,219.35,219.35,79428810,0.0000,1.0
2022-10-14,224.01,226.26,204.16,204.99,204.99,94124511,0.0000,1.0
2022-10-13,208.3,222.99,206.22,221.72,221.72,91483045,0.0000,1.0
2022-10-12,215.33,219.2999,211.51,217.24,217.24,66860699,0.0000,1.0
2022-10-11,220.945,225.75,215.0,216.5,216.5,77013202,0.0000,1.0
2022-10-10,223.93,226.99,218.3582,222.96,222.96,67925018,0.0000,1.0
2022-10-07,233.935,234.5715,222.02,223.07,223.07,83916800,0.0000,1.0
2022-10-06,239.44,244.58,235.35,238.13,238.13,69298437,0.0000,1.0
2022-10-05,245.01,246.6697,233.27,240.81,240.81,86982673,0.0000,1.0
2022-10-04,250.52,257.5,242.01,249.44,249.44,109578535,0.0000,1.0
2022-10-03,254.5,255.16,241.01,242.4,242.4,98363541,0.0000,1.0
2022-09-30,266.145,275.57,262.47,265.25,265.25,67726598,0.0000,1.0
2022-09-29,282.76,283.65,265.78,268.21,268.21,77620642,0.0000,1.0
2022-09-28,283.08,289.0,277.57,287.81,287.81,54664809,0.0000,1.0
2022-09-27,283.84,288.67,277.51,282.94,282.94,61925185,0.0000,1.0
2022-09-26,271.83,284.09,270.31,276.01,276.01,58076913,0.0000,1.0
2022-09-23,283.09,284.5,272.82,275.33,275.33,63748362,0.0000,1.0
2022-09-22,299.86,301.29,285.82,288.59,288.59,70107683,0.0000,1.0
2022-09-21,308.29,313.8,300.63,300.8,300.8,62555656,0.0000,1.0
2022-09-20,306.91,313.33,305.58,308.73,308.73,61642783,0.0000,1.0
2022-09-19,300.09,309.84,297.8,309.07,309.07,60231156,0.0000,1.0
2022-09-16,299.605,303.71,295.6005,303.35,303.35,87087786,0.0000,1.0
2022-09-15,301.825,309.12,300.7247,303.75,303.75,64795523,0.0000,1.0
2022-09-14,292.24,306.0,291.64,302.61,302.61,72628653,0.0000,1.0
2022-09-13,292.9,297.3999,290.4,292.13,292.13,68229619,0.0000,1.0
2022-09-12,300.72,305.49,300.4,304.42,304.42,48674604,0.0000,1.0
2022-09-09,291.67,299.85,291.245,299.68,299.68,54470854,0.0000,1.0
2022-09-08,281.3,289.5,279.76,289.26,289.26,53713124,0.0000,1.0
2022-09-07,273.1,283.84,272.27,283.7,283.7,50028916,0.0000,1.0
2022-09-06,272.675,275.99,265.74,274.42,274.42,55605247,0.0000,1.0
2022-09-02,281.065,282.35,269.08,270.21,270.21,50890090,0.0000,1.0
2022-09-01,272.575,277.58,266.15,277.16,277.16,54287024,0.0000,1.0
2022-08-31,280.62,281.25,271.81,275.61,275.61,52107337,0.0000,1.0
2022-08-30,287.865,288.48,272.65,277.7,277.7,50541759,0.0000,1.0
2022-08-29,282.83,287.74,280.7,284.82,284.82,41548729,0.0000,1.0
2022-08-26,297.43,302.0,287.47,288.09,288.09,57163947,0.0000,1.0
2022-08-25,302.36,302.96,291.6,296.07,296.07,52827378,0.0000,3.0
2022-08-24,892.69,910.94,889.5,891.29,297.096666667,19086572,0.0000,1.0
2022-08-23,874.36,896.4799,863.77,889.36,296.453333333,21328348,0.0000,1.0
2022-08-22,875.74,877.2,858.89,869.74,289.913333333,18614449,0.0000,1.0
2022-08-19,897.0,901.08,877.5,890.0,296.666666667,20465129,0.0000,1.0
2022-08-18,918.0,919.5,905.56,908.61,302.87,15833512,0.0000,1.0
2022-08-17,910.19,928.97,900.1,911.99,303.996666667,22921990,0.0000,1.0
2022-08-16,935.0,944.0,908.65,919.69,306.563333333,29378774,0.0000,1.0
2022-08-15,905.36,939.4,903.69,927.96,309.32,29786389,0.0000,1.0
2022-08-12,868.245,900.48,855.1,900.09,300.03,26552429,0.0000,1.0
2022-08-11,889.54,894.71,857.5,859.89,286.63,23385015,0.0000,1.0
2022-08-10,891.2,892.53,850.11,883.07,294.356666667,31639624,0.0000,1.0
2022-08-09,870.88,877.19,838.06,850.0,283.333333333,28748227,0.0000,1.0
2022-08-08,885.0,915.6,867.2562,871.27,290.423333333,33121758,0.0000,1.0
2022-08-05,908.01,913.8199,856.634,864.51,288.17,37724299,0.0000,1.0
2022-08-04,933.0,940.82,915.0,925.9,308.633333333,24085439,0.0000,1.0
2022-08-03,915.0,928.65,903.45,922.19,307.396666667,26697035,0.0000,1.0
2022-08-02,882.01,923.5,878.0,901.76,300.586666667,31859156,0.0000,1.0
2022-08-01,903.825,935.6347,885.0,891.83,297.276666667,39014296,0.0000,1.0
2022-07-29,842.1,894.96,837.3,891.45,297.15,31770961,0.0000,1.0
2022-07-28,840.2,849.9,818.4,842.7,280.9,28240997,0.0000,1.0
2022-07-27,791.43,827.7768,785.3701,824.46,274.82,29369996,0.0000,1.0
2022-07-26,799.54,801.9299,768.79,776.58,258.86,22273586,0.0000,1.0
2022-07-25,816.65,822.44,802.2,805.3,268.433333333,21357835,0.0000,1.0
2022-07-22,828.66,842.36,812.14,816.73,272.243333333,34490949,0.0000,1.0
2022-07-21,765.32,819.8,764.6,815.12,271.706666667,47344059,0.0000,1.0
2022-07-20,740.35,751.99,730.449,742.5,247.5,29621363,0.0000,1.0
2022-07-19,735.0,741.42,710.93,736.59,245.53,26963370,0.0000,1.0
2022-07-18,734.81,751.55,718.81,721.64,240.546666667,27512476,0.0000,1.0
2022-07-15,720.0,730.8699,710.67,720.2,240.066666667,23227673,0.0000,1.0
2022-07-14,704.69,715.96,688.0,714.94,238.313333333,26185833,0.0000,1.0
2022-07-13,676.5,726.1799,675.1,711.12,237.04,32651499,0.0000,1.0
2022-07-12,710.54,719.32,685.105,699.21,233.07,29310320,0.0000,1.0
2022-07-11,756.31,759.19,700.88,703.03,234.343333333,33169740,0.0000,1.0
2022-07-08,727.0,764.9399,723.4843,752.29,250.763333333,33951362,0.0000,1.0
2022-07-07,701.76,736.085,696.63,733.63,244.543333333,27310230,0.0000,1.0
2022-07-06,692.34,703.69,681.56,695.2,231.733333333,23951210,0.0000,1.0
2022-07-05,669.0,699.44,648.5001,699.2,233.066666667,28259704,0.0000,1.0
2022-07-01,681.0,690.69,666.3601,681.79,227.263333333,24820148,0.0000,1.0
2022-06-30,673.53,688.37,656.59,673.42,224.473333333,31533484,0.0000,1.0
timestamp,open,high,low,close,adjusted_close,volume,dividend_amount,split_coefficient
2022-11-18,185.05,185.19,176.55,180.19,180.19,76048866,0.0000,1.0
2022-11-17,183.96,186.16,180.9,183.17,183.17,64335970,0.0000,1.0
2022-11-16,191.51,192.57,185.66,186.92,186.92,66567599,0.0000,1.0
2022-11-15,195.88,200.8237,192.06,194.42,194.42,91293785,0.0000,1.0
2022-11-14,192.77,195.73,186.34,190.95,190.95,92226649,0.0000,1.0
2022-11-11,186.0,196.52,182.59,195.97,195.97,114403575,0.0000,1.0
2022-11-10,189.9,191.0,180.03,190.72,190.72,132703015,0.0000,1.0
2022-11-09,190.775,195.89,177.12,177.59,177.59,127062659,0.0000,1.0
2022-11-08,194.02,195.2,186.75,191.3,191.3,128803404,0.0000,1.0
2022-11-07,208.65,208.9,196.66,197.08,197.08,93916520,0.0000,1.0
2022-11-04,222.6,223.8,203.08,207.47,207.47,98622212,0.0000,1.0
2022-11-03,211.36,221.2,210.14,215.31,215.31,56538848,0.0000,1.0
2022-11-02,226.04,227.8699,214.82,214.98,214.98,63070293,0.0000,1.0
2022-11-01,234.05,237.3951,227.28,227.82,227.82,62688822,0.0000,1.0
2022-10-31,226.19,229.85,221.94,227.54,227.54,61554341,0.0000,1.0
2022-10-28,225.4,228.86,216.35,228.52,228.52,69152386,0.0000,1.0
2022-10-27,229.77,233.81,222.85,225.09,225.09,61638824,0.0000,1.0
2022-10-26,219.4,230.6,218.2,224.64,224.64,85327078,0.0000,1.0
2022-10-25,210.1,224.3498,210.0,222.415,222.415,96507870,0.0000,1.0
2022-10-24,205.82,213.5,198.5863,211.25,211.25,100446765,0.0000,1.0
2022-10-21,206.415,214.66,203.8,214.44,214.44,75713754,0.0000,1.0
2022-10-20,208.28,215.55,202.0,207.28,207.28,117798062,0.0000,1.0
2022-10-19,219.8,222.93,217.78,222.04,222.04,66571479,0.0000,1.0
2022-10-18,229.5,229.82,217.25,220.19,220.19,75891905,0.0000,1.0
2022-10-17,210.04,221.86,209.45,219.35,219.35,79428810,0.0000,1.0
2022-10-14,224.01,226.26,204.16,204.99,204.99,94124511,0.0000,1.0
2022-10-13,208.3,222.99,206.22,221.72,221.72,91483045,0.0000,1.0
2022-10-12,215.33,219.2999,211.51,217.24,217.24,66860699,0.0000,1.0
2022-10-11,220.945,225.75,215.0,216.5,216.5,77013202,0.0000,1.0
2022-10-10,223.93,226.99,218.3582,222.96,222.96,67925018,0.0000,1.0
2022-10-07,233.935,234.5715,222.02,223.07,223.07,83916800,0.0000,1.0
2022-10-06,239.44,244.58,235.35,238.13,238.13,69298437,0.0000,1.0
2022-10-05,245.01,246.6697,233.27,240.81,240.81,86982673,0.0000,1.0
2022-10-04,250.52,257.5,242.01,249.44,249.44,109578535,0.0000,1.0
2022-10-03,254.5,255.16,241.01,242.4,242.4,98363541,0.0000,1.0
2022-09-30,266.145,275.57,262.47,265.25,265.25,67726598,0.0000,1.0
2022-09-29,282.76,283.65,265.78,268.21,268.21,77620642,0.0000,1.0
2022-09-28,283.08,289.0,277.57,287.81,287.81,54664809,0.0000,1.0
2022-09-27,283.84,288.67,277.51,282.94,282.94,61925185,0.0000,1.0
2022-09-26,271.83,284.09,270.31,276.01,276.01,58076913,0.0000,1.0
2022-09-23,283.09,284.5,272.82,275.33,275.33,63748362,0.0000,1.0
2022-09-22,299.86,301.29,285.82,288.59,288.59,70107683,0.0000,1.0
2022-09-21,308.29,313.8,300.63,300.8,300.8,62555656,0.0000,1.0
2022-09-20,306.91,313.33,305.58,308.73,308.73,61642783,0.0000,1.0
2022-09-19,300.09,309.84,297.8,309.07,309.07,60231156,0.0000,1.0
2022-09-16,299.605,303.71,295.6005,303.35,303.35,87087786,0.0000,1.0
2022-09-15,301.825,309.12,300.7247,303.75,303.75,64795523,0.0000,1.0
2022-09-14,292.24,306.0,291.64,302.61,302.61,72628653,0.0000,1.0
2022-09-13,292.9,297.3999,290.4,292.13,292.13,68229619,0.0000,1.0
2022-09-12,300.72,305.49,300.4,304.42,304.42,48674604,0.0000,1.0
2022-09-09,291.67,299.85,291.245,299.68,299.68,54470854,0.0000,1.0
2022-09-08,281.3,289.5,279.76,289.26,289.26,53713124,0.0000,1.0
2022-09-07,273.1,283.84,272.27,283.7,283.7,50028916,0.0000,1.0
2022-09-06,272.675,275.99,265.74,274.42,274.42,55605247,0.0000,1.0
2022-09-02,281.065,282.35,269.08,270.21,270.21,50890090,0.0000,1.0
2022-09-01,272.575,277.58,266.15,277.16,277.16,54287024,0.0000,1.0
2022-08-31,280.62,281.25,271.81,275.61,275.61,52107337,0.0000,1.0
2022-08-30,287.865,288.48,272.65,277.7,277.7,50541759,0.0000,1.0
2022-08-29,282.83,287.74,280.7,284.82,284.82,41548729,0.0000,1.0
2022-08-26,297.43,302.0,287.47,288.09,288.09,57163947,0.0000,1.0
2022-08-25,302.36,302.96,291.6,296.07,296.07,52827378,0.0000,3.0
2022-08-24,892.69,910.94,889.5,891.29,297.096666667,19086572,0.0000,1.0
2022-08-23,874.36,896.4799,863.77,889.36,296.453333333,21328348,0.0000,1.0
2022-08-22,875.74,877.2,858.89,869.74,289.913333333,18614449,0.0000,1.0
2022-08-19,897.0,901.08,877.5,890.0,296.666666667,20465129,0.0000,1.0
2022-08-18,918.0,919.5,905.56,908.61,302.87,15833512,0.0000,1.0
2022-08-17,910.19,928.97,900.1,911.99,303.996666667,22921990,0.0000,1.0
2022-08-16,935.0,944.0,908.65,919.69,306.563333333,29378774,0.0000,1.0
2022-08-15,905.36,939.4,903.69,927.96,309.32,29786389,0.0000,1.0
2022-08-12,868.245,900.48,855.1,900.09,300.03,26552429,0.0000,1.0
2022-08-11,889.54,894.71,857.5,859.89,286.63,23385015,0.0000,1.0
2022-08-10,891.2,892.53,850.11,883.07,294.356666667,31639624,0.0000,1.0
2022-08-09,870.88,877.19,838.06,850.0,283.333333333,28748227,0.0000,1.0
2022-08-08,885.0,915.6,867.2562,871.27,290.423333333,33121758,0.0000,1.0
2022-08-05,908.01,913.8199,856.634,864.51,288.17,37724299,0.0000,1.0
2022-08-04,933.0,940.82,915.0,925.9,308.633333333,24085439,0.0000,1.0
2022-08-03,915.0,928.65,903.45,922.19,307.396666667,26697035,0.0000,1.0
2022-08-02,882.01,923.5,878.0,901.76,300.586666667,31859156,0.0000,1.0
2022-08-01,903.825,935.6347,885.0,891.83,297.276666667,39014296,0.0000,1.0
2022-07-29,842.1,894.96,837.3,891.45,297.15,31770961,0.0000,1.0
2022-07-28,840.2,849.9,818.4,842.7,280.9,28240997,0.0000,1.0
2022-07-27,791.43,827.7768,785.3701,824.46,274.82,29369996,0.0000,1.0
2022-07-26,799.54,801.9299,768.79,776.58,258.86,22273586,0.0000,1.0
2022-07-25,816.65,822.44,802.2,805.3,268.433333333,21357835,0.0000,1.0
2022-07-22,828.66,842.36,812.14,816.73,272.243333333,34490949,0.0000,1.0
2022-07-21,765.32,819.8,764.6,815.12,271.706666667,47344059,0.0000,1.0
2022-07-20,740.35,751.99,730.449,742.5,247.5,29621363,0.0000,1.0
2022-07-19,735.0,741.42,710.93,736.59,245.53,26963370,0.0000,1.0
2022-07-18,734.81,751.55,718.81,721.64,240.546666667,27512476,0.0000,1.0
2022-07-15,720.0,730.8699,710.67,720.2,240.066666667,23227673,0.0000,1.0
2022-07-14,704.69,715.96,688.0,714.94,238.313333333,26185833,0.0000,1.0
2022-07-13,676.5,726.1799,675.1,711.12,237.04,32651499,0.0000,1.0
2022-07-12,710.54,719.32,685.105,699.21,233.07,29310320,0.0000,1.0
2022-07-11,756.31,759.19,700.88,703.03,234.343333333,33169740,0.0000,1.0
2022-07-08,727.0,764.9399,723.4843,752.29,250.763333333,33951362,0.0000,1.0
2022-07-07,701.76,736.085,696.63,733.63,244.543333333,27310230,0.0000,1.0
2022-07-06,692.34,703.69,681.56,695.2,231.733333333,23951210,0.0000,1.0
2022-07-05,669.0,699.44,648.5001,699.2,233.066666667,28259704,0.0000,1.0
2022-07-01,681.0,690.69,666.3601,681.79,227.263333333,24820148,0.0000,1.0
2022-06-30,673.53,688.37,656.59,673.42,224.473333333,31533484,0.0000,1.0
